<html>
<body>
	<canvas id='lab01' height='3000' width='3000'>
		<script>
			var canvas = document.getElementById('lab01');
			var n =0;
			var m=0;
			var ctx = canvas.getContext('2d');
			var mass = [[1, 1, 1, 1, 1, 1, 1, 1, 1, 1, 1, 1, 1, 1, 1, 1, 1, 1, 1, 1, 1, 1, 1, 1, 1],
				[1, 1, 1, 1, 1, 1, 2, 2, 1, 1, 1, 1, 1, 1, 1, 1, 1, 1, 1, 1, 1, 1, 1, 1, 1, 1],
				[1, 1, 1, 1, 1, 2, 3, 3, 2, 1, 1, 1, 2, 2, 2, 1, 1, 1, 1, 1, 1, 1, 1, 1, 1, 1],
				[1, 1, 1, 1, 2, 5, 5, 3, 2, 1, 1, 2, 3, 3, 4, 2, 1, 1, 1, 1, 1, 1, 1, 1, 1, 1],
				[1, 1, 1, 1, 2, 5, 5, 4, 2, 2, 2, 3, 3, 5, 4, 4, 2, 1, 1, 1, 1, 1, 1, 1, 1, 1],
				[1, 1, 1, 1, 2, 2, 3, 3, 3, 4, 2, 3, 5, 5, 5, 4, 2, 1, 1, 1, 1, 1, 1, 1, 1, 1],
				[1, 1, 1, 1, 2, 0, 3, 3, 3, 3, 3, 3, 5, 5, 5, 4, 2, 1, 1, 1, 1, 1, 1, 1, 1, 1],
				[1, 1, 1, 1, 2, 2, 3, 3, 3, 0, 3, 3, 4, 5, 5, 2, 1, 1, 1, 1, 2, 2, 2, 1, 1, 1],
				[1, 1, 1, 2, 3, 3, 2, 3, 3, 2, 3, 3, 4, 2, 2, 2, 1, 1, 1, 2, 4, 4, 4, 2, 1, 1],
				[1, 1, 2, 2, 3, 3, 3, 3, 3, 3, 3, 3, 3, 4, 4, 2, 1, 1, 2, 4, 4, 3, 3, 4, 2, 1],
				[1, 2, 3, 2, 0, 0, 0, 0, 3, 3, 3, 3, 3, 4, 4, 2, 1, 1, 2, 4, 4, 3, 3, 4, 2, 1],
				[1, 1, 2, 2, 0, 0, 0, 0, 0, 0, 3, 3, 4, 4, 4, 2, 1, 1, 2, 4, 4, 4, 4, 4, 2, 1],
				[1, 1, 1, 2, 6, 0, 0, 0, 0, 0, 2, 3, 2, 4, 4, 2, 1, 1, 1, 2, 4, 2, 4, 2, 1, 1],
				[1, 1, 1, 1, 2, 0, 0, 0, 0, 0, 4, 2, 2, 4, 2, 2, 2, 1, 1, 1, 2, 2, 2, 1, 1, 1],
				[1, 1, 1, 2, 2, 6, 0, 0, 0, 6, 6, 4, 4, 2, 2, 1, 2, 1, 1, 1, 1, 1, 2, 1, 1, 1],
				[1, 1, 2, 4, 4, 2, 2, 6, 6, 6, 6, 4, 2, 2, 1, 1, 2, 2, 2, 1, 2, 2, 2, 1, 1, 1],
				[1, 1, 1, 2, 2, 2, 2, 2, 2, 2, 2, 2, 2, 2, 1, 1, 1, 1, 2, 2, 2, 1, 1, 1, 1, 1],
				[1, 1, 1, 1, 1, 1, 1, 1, 1, 2, 4, 4, 2, 2, 1, 1, 1, 1, 1, 1, 1, 1, 1, 1, 1, 1],
				[1, 1, 1, 1, 1, 1, 1, 1, 1, 1, 2, 2, 2, 1, 1, 1, 1, 1, 1, 1, 1, 1, 1, 1, 1, 1],
				[1, 1, 1, 1, 1, 1, 1, 1, 1, 1, 1, 1, 1, 1, 1, 1, 1, 1, 1, 1, 1, 1, 1, 1, 1, 1]];  
			for (i=0; i<21; i++) {
				for (j=0; j<27; j++) {
				if (mass[i][j] == 0) ctx.fillStyle = '#FFFFFF';
				if (mass[i][j] == 1) ctx.fillStyle = '#FFFFCC';
				if (mass[i][j] == 2) ctx.fillStyle = '#000000';
				if (mass[i][j] == 3) ctx.fillStyle = '#CC99FF';
				if (mass[i][j] == 4) ctx.fillStyle = '#9999FF';
				if (mass[i][j] == 5) ctx.fillStyle = '#FF9999';
				if (mass[i][j] == 6) ctx.fillStyle = '#CCCCCC';
				ctx.fillRect(j, i, 1, 1);
			}}

		</script>
	</canvas>
</body>
</html>
